634.74
738.87
735.47
642.04
617.15
596.28
563.61
627.8
755.04
870.42
958.21
974.2
910.89
852.77
791.95
839.5
812.97
845.3
962.87
961.77
920.55
930.1
917.97
870.96
854.25
833.14
828
814.15
715.7
706.47
699.02
681.92
641.42
638.52
644
619.52
610.21
600.84
559.11
519.59
539.53
545.14
611.92
625.28
613.94
627.58
677.5
675.44
660.13
630
638.84
643.57
662.64
701.48
711.24
701.44
753.55
770.12
787.07
742.82
744.01
765.73
782.55
849.63
867.42
921.67
827.69
833.5
904.32
967.9
941.24
921.06
981.43
1049.38
1095.99
1110.31
1301.69
1412.21
1407.44
1614.87
2367.47
2287.85
1867.7
1733.75
1712.34
1981.05
2113.77
2046.32
2182.43
2115.44
1980.94
1869.41
1735.86
1542.59
1534.6
1509.65
1450.57
1377.59
1211.94
1209.72
1294.55
1272.98
1196.86
1185.77
1106.16
1073.18
947.34
1003.94
944.98
881.73
947.3
1016.48
1213.34
1169.69
1150.96
1237.21
1341.11
1356.28
1165.33
1193.29
1198.09
1127.85
1149.47
1129.11
1109.36
1058
1026.15
1040.7
988.55
1025.57
1043.66
1003.7
992.88
988
905.04
904.28
882.82
876.99
879.99
824.46
778.29
764.59
777.62
826.3
801.38
798.88
800.4
830.2
809.83
814.68
810.72
799.52
857.36
841.76
863.06
852.46
854.51
850.11
865.08
934.72
1030.49
1042.17
978.72
960.98
997.45
976.48
992
1059.1
1104.8
1076.49
1076.87
1094.07
1087.52
1097.17
1101.7
1145.79
1117.39
1034.04
1034.55
1047.76
1043.04
1038.38
1003.33
984.38
934.46
920.14
949.44
944.66
905.61
865.79
866.62
848.3
813.51
805.33
818.8
796.39
786.79
793.89
852.82
881.93
875.58
884.4
827.96
789
776.11
736.78
756.18
816.65
795.91
774.09
775.29
767.09
773.36
733.6
731.18
720.32
715.37
733.01
733.3
707.85
690.78
709.29
710.75
711.33
697.44
693.31
671.19
659.09
655.87
660.78
683.26
660.67
664.8
659.43
640.7
641.16
626.84
625.36
624.83
645.15
692.82
699.97
739.23
709.07
664.43
679.61
696.86
714.7
718.23
707.28
709.01
695.35
702.8
707.96
705.8
693.47
712.58
707.85
697.49
688.36
684.22
678.31
686.55
699.3
687.3
690.67
688.19
681.98
679.24
677.59
681.4
685.61
704.86
709.55
691.28
682.67
680.05
667.66
663.98
669.14
659.35
653.86
646.98
632.01
604.41
590.65
596.83
583.81
583.92
577.16
548.36
547.59
544.44
545.25
513.94
485.99
486.06
499.19
495.7
515.46
