2747
2720.5
2810
2878.5
3262.8
3232
3401.9
3429.4
3348.8
3425.7
3654.4
3871.6
4062.6
4327.9
4161.7
4387.4
4278.9
4105.4
4150.5
4066.6
4005.1
4089.7
4141.1
4318.4
4364.4
4352.3
4345.8
4390.3
4597.3
4583
4735.1
4921.9
4573.8
4612.9
4267.5
4409.1
4618.7
4635.6
4326.5
4335.1
4245.9
4217.9
4158.9
3870.3
3243.1
3713.8
3698.9
3689.6
4100.3
3908
3882.2
3617.3
3600.8
3788
3667.5
3932.8
3892.7
4212.2
4195.6
4172.8
4360.6
4403.1
4401.3
4314.2
4218.7
4321.4
4371.9
4435.8
4611.7
4777.5
4763.4
4824.2
5432.6
5637.3
5824.7
5688.1
5759.3
5598.6
5575.8
5698.6
5993.1
6006.6
5982.9
5903.6
5513.1
5734
5887.6
5764.6
5726.6
6147.5
6124.3
6451.2
6737.8
7024.8
7152.1
7363.8
7389.5
6959.2
7102.8
7444.4
7129.6
6565.8
6339.9
5878.1
6522.5
6597.1
7283.2
7853.7
7700
7780.9
8042.6
8244.7
8100
8234.5
8013.4
8200.8
8754.7
9318.4
9733.2
9906
9837.9
9946.8
10861.5
10912.7
11246.2
11623.9
11667.1
13749.6
16850.3
16047.6
14843.4
15059.6
16732.5
17083.9
16286.8
16467.9
17604.8
19345.5
19065.7
18972.3
17523.7
16462
15632.1
13665
14396.5
13790
13833.5
15756.6
15416.6
14398.7
14392.6
12531.5
13850.4
13444.9
14754.1
15156.6
15180.1
16954.8
17172.3
16228.2
14976.2
14778.5
15043
13535.4
13886.7
14292.2
13695.2
13697.5
11362
11192.3
11245.4
11580.2
12858.9
11594.9
10864.8
10903.2
11452.3
11203
11118.1
11467.5
11795.1
11244.8
10166
10265.4
9181.1
8893.2
9241.1
8222.2
6938.5
7701.2
7594.7
8164.2
8699.8
8559.6
8081.9
8903.5
8539.2
9476.3
10037.3
10178.7
11073.5
10398.8
11169.4
11238.7
10473
9841.7
10170.4
9704.3
9585.2
10285.1
10594.4
10333.9
10904.5
10827.7
11402.3
11416.5
11330.6
10675.1
9902.9
9300
9217
8762
9529.6
9137.4
9154.9
8210.6
8264.4
8289.2
7874.9
8201.2
8616.8
8912.6
8905.9
8726.2
8916.8
8547.4
8473.2
8143.5
7801.7
7954.9
7129.2
6853.7
6938.2
6825.2
7068.4
7424.2
6808.9
6782
6624.3
6905.7
7030.5
6781.9
6854.8
6962.1
7926.6
7887.4
8004.4
8363.6
8070
7908.6
8178.4
8290.8
8867
8923.1
8806.7
8952.8
9645.3
8873.1
9287
8940.9
9352.4
9415.1
9245.1
9074.9
9243.2
9749.7
9708.6
9853.5
9656.4
9431.6
9196.4
9319.1
9025.7
8408.3
8459.5
8693.5
8674.1
8477
8344.4
8063
8245.7
8245.1
8529
8403.3
8006
7512.3
7592.9
7477.7
7361.3
7366.7
7119.3
7467.7
7400.1
7502.6
7530.8
7646.6
7729.3
7504.3
7631.5
7661
7697.8
7622.1
7515.8
6775.1
6885.9
6558.2
6312.3
6647.1
6410.3
6505.8
6460.3
6719.8
6752.4
6765.4
6728
6055.7
6167.3
6154.6
6256.6
6082.1
6154.9
5883.5
6213.3
6398.9
6366.8
6619.5
6513.5
6598.4
6546.5
6617.7
6765.5
6714.8
6667.1
6307.2
6389.1
6250.6
6230.2
6254.8
6362.9
6729.9
7322
7383.6
7477.5
7339.4
7408.7
7412.3
7723
8407
8173.7
7937
8187.4
8234.1
8215.6
8177.1
7729.4
7606.4
7535.6
7419
7014.3
7027.1
6943.6
6724.9
6283.6
6538.8
6152.3
6231.6
6313
6255.3
6190.2
6256.9
6306.7
6581.7
6379.1
6481.5
6268.1
6482.2
6359.6
6521.2
6680.4
6734.8
6712.7
6897.6
7074.6
7029.1
6993.7
7033.8
7189.6
7293.9
7264.2
7377.5
6706.8
6514
6390.9
6184.3
6238.5
6321
6293.9
6338
6482.9
6483.7
6519
6500.2
6251.9
6342
6390.4
6489.2
6766.7
6729.6
6704.1
6584.1
6445.1
6468.1
6689.2
6636
6603.9
6635.2
6608.2
6549.9
6507.8
6584.2
6639.1
6596.3
6611
6669.6
6650.8
6618
6239.1
6291.3
6321.7
6326.8
6699.8
6705.3
6686.6
6574.1
6512
6572.2
6583
6555.8
6528.7
6530.7
6507
6510
6494.2
6486.1
6335
6325.7
6365.9
6400.5
6424.7
6386.2
6478.2
6459.7
6502.8
6565.3
6474
6412
6427.1
6446.1
6435
6429.2
5842.4
5718.9
5636.2
5621.8
5658.3
4883.8
4524.6
4638.7
4356
4398
3920.4
4062.2
3837
3866.5
4265.4
4296.5
4039.7
4196.2
4160.4
3897.8
3958.5
3771.6
3508.6
3422.2
3430.4
3567.5
3460.5
3407.7
3466.1
3315.3
3247.8
3228.7
3247.9
3526.1
3668
3687.1
4076
3850.9
3964.4
3944.4
4026.1
3762.5
3793.7
3586.9
3861.6
3706.8
3815
3709.4
3809.4
3873.8
3780.1
3802.7
3785.4
4004.1
3985.9
3971
3978
3603.7
3616.5
3597.2
3490.2
3638.1
3571.3
3588
3626.4
3605.6
3677.8
3542.3
3536.7
3580.1
3561.5
3574.3
3572
3570.9
3555.6
3442.8
3414.8
3460
3437.2
3467.9
3502.5
3459.1
3462.8
3468.4
3404.3
3397.7
3661.7
3661.4
3679
3631.8
3632
3611.5
3592.6
3604.7
3616.8
3664.2
3896
3914.3
3972.4
3936.6
3965.2
4120.4
3755.2
3833.7
3810.3
3814.6
3816.6
3821.9
3823.1
3809.5
3715.9
3857.2
3863
3875.1
3865.9
3944.3
3915.2
3870.3
3886
3865.1
3879
3924.3
4006.4
3981.5
3990.2
4017
4041.2
3982.2
3990.4
4002.5
