154.2
141.7
136.9
128
134.4
144
139.2
116.4
106.3
98.1
112.9
116
112.3
109.6
113.2
112.8
117.7
115.6
114.8
118
111.4
114.2
118.2
123.5
123.2
122.5
122
122.9
123.8
126.3
133.1
132
133.5
129.8
129
132.3
128.8
128.8
129.3
122.5
120.7
121.4
121.9
119
111
107.9
100.4
106.3
109
108.8
103.9
100
99.8
99.9
101.9
107.3
108.3
111.3
109.5
108.2
107.9
102.1
103.3
104
101.7
94.7
95
97.5
88.1
90.4
78.9
80
68.5
69.7
76.5
76
76.7
88
89
94
98.3
94.4
98.9
97.1
98.5
90.1
92
89.8
92
91.6
95.6
95.1
96.9
96
94.4
98.8
101.5
108
106.2
104
104.5
104.9
105.1
106.7
106.6
106
103.1
102.8
103
105
106.8
109.6
112.6
110
109
112.8
113.4
118.5
121.2
123.3
122
118.5
119.6
122.1
120.1
131.3
128.8
129.3
138
141
146
144
144
132.5
130.2
121.9
129
126.3
133.1
132.6
142.1
139.4
140.7
136.7
138.3
139.4
139.1
140.4
135.1
133.8
134.4
134
133.4
134.8
135
137.1
138.9
142.5
143.9
141.9
140.3
123
131
136.8
136.7
137.8
135.8
136.5
139.5
140.4
140.1
142.9
147.5
151.4
158.1
152.8
157.6
168.3
183.1
186.1
192.8
203
228
207
197.9
188.6
206.9
206.9
216
208
211.2
213.4
211.7
224
238.2
251.3
264.1
309.6
355
367.8
336.3
363
380
434.9
433.4
433.9
462
528.3
785.4
645.7
638
764.9
802
832.5
795
830
970
1079.9
1101.4
1206.9
1205.7
1004.4
1096.6
1154.9
1237.6
1106.3
845
697
804
919
1033.7
919.9
900
936.8
908.9
919.9
759.9
715
541
732
650
640.5
639.5
713.2
702.8
707.3
802
803
762
785
804.8
805.9
815.9
856.9
884.3
924.7
1014.7
1012.7
879.9
938.8
937
957.8
1005.3
939.8
922.9
919.3
941.2
913.5
894.2
905.7
954.8
956
962.2
951
944.2
916.5
961
1007
943.5
932.7
925.7
941.4
938.8
940.4
953.3
931.7
926.6
904.5
828.9
695.7
648.8
659.6
582.6
579
531.1
451.4
427.7
371.1
299.8
272.3
294
261.5
111.9
111.6
255.6
310.2
174
135.8
593.1
596.5
573.9
557.4
544.6
662.2
661.8
658.3
648.3
616.7
609.2
627
613
608.7
619.4
625
614
624
619.1
606.4
598.9
595
566
549.6
564.3
551.2
567.6
562.9
562.5
460.5
482.6
477.1
446.9
444.7
463.5
424.4
436.3
444.4
456.6
455.7
462.4
466.6
457.3
384.6
435.1
437.6
427.6
478.4
526.4
537
502
485.5
506
498.5
495.2
487.9
487.3
500.3
464.5
457.9
443.2
441.9
446.1
445.6
460.1
453.7
438.6
436
430.9
432.2
446.5
441.1
445.5
451.9
433.2
438.2
433.9
442.6
448.1
453.6
452.8
450.1
443.9
484.6
488.8
515.4
518.1
520.5
570.4
582
570.1
570.8
564.4
612.3
627.9
649.8
655.5
669.4
638.9
660.2
650.4
651.7
651
644.3
655.6
643
597.1
610.3
583.4
582.3
599.1
605.1
606.2
600.2
590.8
597
603.6
591.2
588.8
568.5
582.7
602.2
597.6
601.1
635.1
643.2
645.7
638
624
623
626.7
613.6
615.3
623
618.4
632.9
635.9
628
618.3
619.6
614.8
626.6
627.5
627
621
625.1
622.5
621.7
601.9
600.5
596
595
587.9
585.8
564.6
589.5
598.8
591.7
588.9
592.8
588.8
589.8
592.8
595.8
589.5
592.1
575.9
567.7
542.1
504.8
496.5
522
485.5
462.2
485.1
516.8
517.9
516.1
497.7
509.7
502.9
512.6
515.2
510.8
512.6
506
481.8
477.2
478.9
480
491
483.6
484.5
485.8
475.7
474.9
479.7
478.5
477.7
478.2
477.7
477.7
466.8
461.1
424.3
397.7
411.5
401.6
404.1
436.9
423.8
412.3
404.5
399
379.1
376.8
388.2
382.8
375.1
363.5
335.3
322.9
331.5
331.6
350.9
360.9
361.7
361.2
373.2
387.3
397.1
393.2
379.8
380.5
390.9
387.3
380.4
382.4
378.9
355.8
355.1
346.7
348.7
350.1
351.1
335.1
344.9
337.9
325.4
322.5
324.2
328
338
347.7
341.9
343.5
362
367.1
365.4
432
428.7
396.5
374.9
385.6
384.7
379.2
381.4
357.3
351.8
352
365.9
378.9
376.4
365.4
368.8
377.6
376.3
374.9
378.6
380.6
377
369.8
377.6
376.3
376.5
365
352.2
347.9
347.7
353.4
348.2
349.4
345.4
330.2
320
310.3
317.8
330.4
322.6
330.8
335.3
322.4
319
330
315.3
316.5
314.1
311.3
318.2
314.9
315.2
287.1
264.7
274.8
282.3
291.3
282.7
288
273.4
264.8
269.3
221.3
164.9
209.8
206.9
199.6
210.6
215.9
210.6
228.2
232.7
232.2
248.2
252.1
269.2
263.3
236.2
234
231.8
218.5
225.3
238.9
227.4
226.6
216.5
223
227.7
223.7
220.3
219.7
218.8
221.8
236.2
258.6
233.3
235.8
243.2
235.2
241.9
244.5
244.4
235.7
238.8
238.9
237.3
236.5
253.5
254.1
257.9
273.8
280.6
271.9
275.2
272.6
274.9
274.5
290
291.4
295.6
293.9
287.2
281.6
284.9
290.4
285.4
255.9
260.9
261.8
259.7
268.6
265.5
246.7
246.4
248
247.2
252
242.1
246.8
244.1
246.2
252.6
254.5
252.9
259.6
255
253
244.6
243.3
234.7
236.5
235.9
223.6
218
223
228
222.6
223.4
223
224.2
233.7
233.8
235.4
231.1
226.1
218.7
229
225.8
225.4
235.8
233.2
235.3
240
239
235.8
230
237.7
243.7
241.4
240
241.8
241.6
236.4
236.9
237.2
236.2
236.3
232.6
232
234
235.4
240.4
238.9
241
237.4
237.8
237.3
237.3
237
233.2
229.8
223.1
225.7
225.6
224.2
225.3
224.7
223.5
228.6
229.6
228.8
229.9
230.5
232.5
233.8
237
249.8
247.4
248.4
244.1
245
244.1
247.5
243.8
240.6
242.6
242.9
250.7
248.9
257
264.1
257.6
254.9
255.4
260.5
270.1
269.1
266.2
268.6
269.1
283.6
292
310.4
290.4
287
283.4
276.6
279.6
274
273.2
277.7
275.1
276.5
275.5
288.4
288.7
291.8
293
293.7
288.4
287
283.7
280.5
281.4
281.6
284.3
281.7
278
277.9
258.6
263.9
263.3
269
267.7
263.4
265
260.5
257.1
257.1
246.7
226
234.7
232.4
229.5
226.8
211.4
220.5
225
222.7
231.6
228.5
228.4
229.5
227.2
228.6
226.2
230.3
233.7
239.9
239.6
243.2
237.4
238.1
239.9
235.6
230.2
229.9
229.5
228.6
232.7
232.2
231.1
231.1
226.3
230
229.9
233.8
235
234.3
232.5
238.9
236.7
235.9
237.1
236.7
238.6
238.3
240.1
246.1
243
242.6
244
245.4
247.6
245.4
248.8
252.3
254.4
262.9
269.6
261.7
263.8
269.8
267.1
274.4
276.9
282.6
287.9
285.1
294.7
303.5
313.6
327.1
311.2
323
359.3
396.5
400.9
382.7
369.8
385.1
371.6
380.2
336.7
304.7
333.9
333.8
331.8
317.5
330.2
333.9
335.9
325
321.1
324.7
322.8
322.1
318.4
327.5
353.7
359.5
355.8
370.8
378
361.8
360
360.3
361.7
386.7
393.4
394.3
410.7
416
415.5
449.8
432.3
434.7
442
462.6
454
455.5
463.2
461.2
441.8
437.6
437
442.4
453
454
415.4
422.4
421.8
431.9
427.1
430
434
433.7
430.7
433.3
431.2
430.8
457
452.9
448.3
446.2
447.7
445
432.2
429.1
372.3
385
382.5
384.4
379.5
414.6
410.2
382.6
388.6
402.1
392.8
389.8
395
379.7
380.3
377.8
369.8
372.2
373.9
368
390.6
386.5
376.7
377.9
372.6
375.3
381.9
379.5
384
390.1
405.5
401.1
406.4
417.1
421.4
420
440.1
437.9
437.8
419.9
422.7
423.5
427.3
431.3
432.5
436.2
434
425.4
419.6
409.5
399
406
414.9
411.9
412.8
415.8
419.1
410.4
412.4
414.3
415.1
415.9
418.2
408.2
408.7
411.5
411.1
416.2
417
414.7
415.7
416.5
424.6
422.2
415
412.4
415.7
415.6
418.5
419.1
419.3
422.1
421.3
420.1
417.7
418
420.3
421.4
424.7
423.5
424
428.7
430
426.3
427.7
434.9
441.2
449.3
445.3
450.1
457.6
461.7
466
447
448.5
455
448.5
452.2
444.2
450.3
445.8
448.1
459.6
458.5
457.9
460.4
449.4
452.5
454.4
455.4
456.4
458.1
454.9
453.3
454.2
442.7
442.1
443.6
439.6
443.7
446.1
449.8
453.3
474
524.2
516
532.3
528.9
537.4
537.1
567
572
574.9
583.6
575.6
580.5
574.7
577.9
591.6
666.5
700.1
685.1
690.8
761.2
743.9
753.8
761
734
667.4
590.6
620.8
656.9
663.5
625.4
644.7
644.9
636.5
670
674.6
698.1
661.6
675.2
663.7
672.7
635.3
662.8
651.8
647.1
646.7
670.6
661.2
657.3
664.2
660.7
676.3
670.4
671.1
664.4
664.6
651.1
655.2
659.3
654
654.4
654.5
654.1
655.4
654.7
621.9
607
513.4
566.4
576.2
574.7
586.5
590.8
589.2
585.3
590.9
587.8
587.1
584.6
569.1
567
580.2
572.3
573.4
574.6
582.6
580.7
587.5
583.6
579.7
578
579.4
570.3
575
574.2
577.3
573.9
572
575.3
598.8
609.5
605.8
610.4
613.2
625.6
623.2
624.5
605.6
608
608.6
609.5
608.1
607.8
607.1
610.7
609.8
609.2
597.2
595.6
602.9
602.6
601.5
606.5
605.5
604.7
604.7
608.1
613.4
610.7
611.6
609
611.8
611
616
617.7
615.8
617.3
640.5
636
635.6
637.9
637
640.1
637.4
635.3
629.1
628.3
630.5
655.5
653
650.5
651
674.7
682.3
686.2
715
697.3
698.7
726.8
733.5
684.9
702.1
702.1
709.9
705.4
710.9
721.4
714.6
715
704.3
702
704.6
711.1
740.3
737.5
747
747.9
728.5
736.2
749.3
741.1
735.3
740.4
734.1
729.4
733.3
732.6
742.5
752.6
770.9
764.2
766.4
754.3
758.2
765.6
768.5
770.5
774
767.9
778.5
778.7
776.5
775.2
782
787.2
789
789.8
799.1
829.2
860.2
917.2
891.1
891.1
898.4
925.8
972.2
971.1
959
963.4
995.4
1017
1033.3
1135.4
989.3
886.2
888.9
900.9
899.8
904.4
785.4
810.1
824.8
819.6
821.2
827.3
899.7
872
895.2
892.9
919.8
918.8
921.5
893.8
894.4
915.6
918
918.5
914.5
920.7
965.5
982.4
1004
1013
1031.8
1016.1
1024.7
1049.6
1055.5
979
997.6
1008.3
996.5
995.4
1008.3
1008.2
1031.9
1049.4
1052.3
1048.9
1077.6
1119
