517.84
523.02
528.3
523.02
517.84
517.84
517.84
517.84
517.84
512.76
507.78
507.78
508.65
508.65
503.81
499.06
494.38
489.81
489.81
485.31
476.57
468.14
460
456.03
456.54
445.12
445.12
423.93
417.3
410.89
417.3
410.89
401.61
395.68
395.68
389.9
385.03
382.3
385.03
379.62
371.76
366.7
356.98
350.04
343.33
336.9
330.69
326.69
329.81
335.92
331.84
325.87
322.02
322.02
312.77
307.46
305.74
300.67
294.16
287.93
290.43
287.44
284.53
276.11
272.09
268.19
269.47
276.11
280.26
281.66
283.08
288.92
295.87
305.51
307.18
310.58
317.59
319.39
317.59
317.59
321.21
321.21
323.07
324.94
335.04
335.04
339.05
339.05
339.05
339.05
337.02
341.09
341.09
339.05
337.02
335.04
335.57
335.57
335.57
333.6
333.6
331.63
327.77
329.7
327.77
325.88
325.88
325.88
326.35
328.24
330.17
332.11
332.11
332.11
330.17
332.11
330.17
328.24
328.24
326.35
325.88
327.77
325.88
327.77
325.88
322.14
318.51
318.51
318.51
318.51
313.2
314.96
314.51
314.51
316.27
314.51
316.27
318.05
321.68
323.54
321.68
319.85
318.05
318.05
322.14
324.01
325.88
325.88
324.01
320.32
325.88
327.77
325.88
324.01
325.88
325.88
326.35
330.17
330.17
330.17
328.24
330.17
330.17
330.17
326.35
328.24
328.24
330.17
329.22
329.22
331.15
333.12
331.15
329.22
325.41
325.41
325.41
325.41
325.41
327.29
328.74
330.67
332.63
330.67
332.63
334.6
338.63
340.68
338.63
340.68
342.77
349.16
386.02
390.92
393.43
395.98
401.15
406.46
406.46
406.46
409.17
411.93
417.53
420.38
394.82
400.41
403.28
406.17
412.11
415.14
415.14
418.22
421.34
424.49
427.71
430.98
557.51
566.27
570.77
570.77
570.77
566.27
548.99
544.83
544.83
544.83
544.83
544.83
720.41
714.98
714.98
714.98
714.98
709.66
709.66
709.66
699.23
704.41
704.41
709.66
699.23
694.12
694.12
689.08
689.08
694.12
694.12
694.12
694.12
694.12
689.08
689.08
689.08
689.08
694.12
694.12
694.12
689.08
684.11
679.25
679.25
679.25
679.25
679.25
674.42
674.42
669.69
665
660.38
660.38
655.83
655.83
651.32
651.32
655.83
660.38
669.69
674.42
674.42
669.69
674.42
674.42
674.42
674.42
674.42
679.25
679.25
679.25
673.23
678.05
678.05
682.98
682.98
682.98
682.98
682.98
668.44
673.23
673.23
673.23
665.74
661
661
661
661
656.3
661
661
661
661
661
656.3
656.3
656.3
651.7
647.14
642.64
629.53
629.53
621.08
612.84
604.84
600.92
597.04
589.41
585.7
578.37
574.8
567.71
567.71
564.27
560.83
560.83
554.12
550.82
547.58
547.58
547.58
538.01
531.85
528.78
528.78
531.85
534.91
531.85
531.85
531.85
531.85
531.85
531.85
531.85
528.78
528.78
525.78
522.82
522.82
522.82
522.82
522.82
519.89
534.24
534.24
534.24
534.24
531.27
525.39
525.39
525.39
525.39
525.39
525.39
522.48
522.48
525.39
519.65
516.81
514.01
508.52
480.27
470.75
466.13
457.17
446.46
442.3
442.3
442.3
434.21
434.21
434.21
432.25
428.37
422.63
413.46
413.46
411.67
406.39
401.24
404.67
406.39
399.56
397.88
394.59
389.73
388.15
388.15
389.73
392.95
394.59
360.91
363.94
363.94
362.41
363.94
362.41
365.47
363.94
362.41
365.47
363.94
367.03
404.67
404.67
402.96
402.96
401.24
399.56
394.59
391.34
389.73
386.58
385
380.38
374.4
370.02
368.59
368.59
367.15
367.15
367.15
367.15
364.35
362.95
360.22
358.86
355.68
358.38
358.38
357.03
357.03
355.68
353.01
353.01
353.01
353.01
353.01
353.01
357.49
358.86
357.49
357.49
356.16
354.83
354.83
353.5
353.5
352.21
353.5
353.5
356.63
356.63
356.63
357.97
356.63
356.63
356.63
356.63
357.97
357.97
357.97
359.31
359.31
359.31
359.31
359.31
359.31
359.31
357.97
357.97
356.63
356.63
356.63
357.97
357.97
357.97
357.97
356.63
355.32
352.71
350.13
351.41
350.13
348.86
348.86
347.59
344.54
343.32
342.06
340.83
339.61
338.42
336.04
336.04
336.04
336.04
334.85
334.85
335.45
335.45
333.11
331.95
331.95
331.95
330.82
331.95
331.95
331.95
330.82
331.95
330.82
331.95
331.95
330.82
330.82
329.69
328.56
328.56
327.43
326.3
326.3
326.3
327.43
326.3
326.3
325.21
325.21
324.11
324.11
324.11
324.11
321.92
321.92
321.92
321.92
321.92
321.92
321.92
321.92
321.92
319.8
320.86
319.8
319.8
319.8
319.8
319.8
318.71
318.71
317.68
317.68
317.68
316.62
316.62
315.57
315.57
315.57
315.57
315.57
315.57
314.54
314.54
314.54
313.52
312.49
312.49
312.49
311.47
311.47
310.48
310.48
310.48
310.48
310.48
310.48
309.46
308.47
309.46
308.47
308.47
307.48
307.48
307.48
307.48
306.49
305.54
305.54
303.6
303.6
303.6
303.6
302.64
302.64
301.69
301.69
299.82
298.86
297.03
297.03
296.11
295.19
293.39
293.39
291.59
291.59
291.59
291.59
291.59
290.71
289.82
288.98
288.09
287.25
286.36
285.52
284.67
283.82
283.01
321.19
320.22
319.3
318.37
317.44
315.63
313.81
312.93
312.04
310.27
309.38
308.49
319.63
317.83
315.19
313.47
312.59
310.88
309.2
307.52
306.69
305.05
303.42
301.83
262.79
261.4
260.01
258
257.35
255.99
254.71
254.71
253.4
252.12
250.84
249.6
258.61
263.78
264.01
264.29
273.19
268.35
273.38
284.41
279.88
282.33
284.72
287.45
302.45
317.5
317.19
321
356.72
404.52
425.74
433.62
422.48
416.6
403.13
408.58
415.46
469.91
529.99
564.06
