499.2
487.3
487.63
472.47
480
490.36
487.44
483.61
474.81
474.67
470.98
462.08
451.98
427.24
417.41
417.38
428.35
501.81
473.19
456.87
457.76
479.78
454.5
443.59
435.9
450.31
442.66
431.47
428.04
421.47
415.24
423.73
412.04
404.59
405.59
400.1
416.44
411.75
409.59
417.03
431.93
432.8
423.08
424.26
431.84
451.52
446.97
457.35
475.33
484.98
472.75
466.62
479.03
474.52
478.29
498.54
533.51
532.71
502.31
485.05
526.76
527.04
518.41
529.58
555.92
556.63
574.34
598.61
607.03
590.82
589.67
582.71
551.49
562.03
571.26
574.33
579.96
598.31
624.8
631.29
604.24
599.89
610.65
599.21
589.77
601.63
590.03
605.66
623.42
640.94
655.42
704.45
753.31
758.69
757.64
823.16
906.37
798.24
846
842.26
800.8
788.46
846.31
847.2
847.03
887.44
866.43
893.37
871.66
854.76
867.55
869.69
928.58
980.98
1042.48
1039.34
1144.92
1183.31
1231.84
1150.77
1116.7
1155.06
1136.2
1035.4
1103.52
917.09
1041.75
1123.72
1183.4
1218.56
1146.43
1125.26
1238.89
1177.47
1185.02
1202.97
1277.81
1307.28
1476.74
1368.08
1352.44
1389.75
1392.14
1469.35
1503.34
1539.42
1456.57
1537.58
1609.74
1672.66
1718.31
1742.82
1637.52
1732.71
1749.82
1854.88
1842.67
1811.12
1941.04
2188.18
1939.14
2066.4
2096.95
1843.32
2091.06
2111.61
1968.4
1950.13
1841.56
1892.62
1923.69
1943.58
2085.02
2019.83
2036.68
1960.82
1964.41
1858.55
1865.16
1715.79
1625.99
1387.49
1528.76
1620.7
1538.74
1539.81
1461
1404.45
1453.66
1534.76
1485.51
1476.62
1428.07
1499.1
1465.19
1468.33
1388.03
1331.9
1361.35
1395.34
1465.67
1405.81
1366.24
1354.93
1361.77
1333.77
1249.98
1293.9
1272.19
1304.56
1215.88
1228.57
1278.56
1285.81
1414.84
1398.25
1376.99
1488.32
1532.62
1479.26
1481.74
1430.96
1321.81
1295.66
1355.56
1398.1
1393.84
1409.08
1415.69
1377.71
1413.47
1463.68
1414.56
1398.82
1411.65
1428.74
1472.31
1440.45
1441.73
1426.82
1407.78
1348.09
1314.3
1300.98
1273.45
1307.81
1315.65
1385.46
1426.98
1424.86
1380.24
1366.11
1375.06
1499.41
1514.95
1616.62
1573.88
1590.76
1537.91
1609.81
1664.64
1707.67
1689.7
1819.76
1829.19
1866.32
2068.29
2059.17
1977.23
1960.74
1858.17
1976.59
1921.84
1785.85
1759.84
1797.75
1921.88
1771.6
1814.12
1819.8
