4002.5
3994.7
3937
3942.8
4041.7
4025.6
4102.2
4111.8
4102.3
4145.1
4859.3
4968.7
4902.4
5010.2
5046.2
5173.6
5245.2
5158.4
5307.8
5022.6
5054.2
5051.8
5134.8
5032.3
5180.9
5208.3
5264.7
5241
5290.2
5243.5
5346.7
5511.6
5415.6
5209.1
5298.3
5265.9
5302.3
5235
5320.8
5384.2
5493.8
5766.8
5830.9
5774.9
5745.1
5849.5
5990.3
6191.5
6386
7190.3
6984.8
7806
7994.6
8164.6
7871.8
7359.5
7262.6
8157.2
7965.3
7930.3
7635.7
7852.1
7970.1
8027.4
8630.2
8760.1
8716.3
8647.8
8271.9
8558.3
8545.7
8728.6
8124.8
7685.5
7779.1
7784.9
7985.2
7901.4
7635
7987.8
7888
8133.1
8219
8656.1
8812.5
8962.5
9318.8
9080.6
9255.4
9517
10179.3
10721.7
10897.1
11046.4
11809.9
13063.8
11287.8
12409.1
11906.5
10818.6
10616.6
10835.9
11900.8
11163.1
10970.2
11268
11415.9
12252.6
12541.5
12110.6
11342.3
11762.1
11364.9
10200.1
10845.9
9424.8
9723.2
10651.4
10571.5
10826.7
10714.4
10412.5
9888.7
9804.3
9945.3
9831
9492.1
9727.8
9580.9
9580.7
10082
10380
10520.1
10815.7
10934.6
11816.8
11480.9
12013.9
12191.6
12089.8
11314.5
11517.2
11394.2
10892.9
10049.4
10303.4
10335.6
10218.1
10312.7
10910.7
10752.6
10141.5
10105
10388.7
10131
10136.3
10371.8
10184.8
9729.4
9491
9585.4
9594.4
9729.3
10348.8
10612.3
10568.2
10566.9
10309.3
10461.1
10402.8
10309
10105.4
10162.5
10415.1
10342.1
10337.3
10311.5
10255.5
10195.7
10164.7
10250.5
10172.7
9993
10031.6
9702.2
8513.9
8432.4
8063.8
8184.9
8208.5
8049.1
8284.3
8302.7
8364.1
8226.9
8148.1
8127.3
7881.9
8198.6
8182.9
8566.7
8562.3
8267.8
8304.4
8281.5
8353.3
8167.2
8000.4
8073.3
7948.5
7957.3
8223.4
8208.2
8031.4
7477
7422.7
8658.3
9230.6
9529.6
9207.2
9411.3
9157.9
9152.6
9230.1
9300.6
9198.3
9396.4
9310.8
9338.9
9223.5
8778.2
8804.5
9036.8
8736.9
8812.6
8783.1
8661.2
8476.3
8497.3
8509.8
8208.4
8145.7
8099.3
7627.9
7272.5
7324.1
6924.7
7115.6
7162.8
7510.6
7426.7
7742.7
7546.6
7396.4
7298.2
7291.8
7204.4
7399.2
7530.8
7510.9
7524.4
7355.8
7235.7
7208
7208
7255.2
7080.8
7128.5
6903.5
6613.3
7276
7165.5
7196.4
7156.2
7495.8
7322.8
7268.3
7224.8
7210.9
7261.7
7321.5
7397.5
7261.8
7196.4
7199.8
6967
7343.1
7376.8
7372.5
7759.1
8155.7
8059.6
7842.4
8187.1
8024.1
8187.6
8111.4
8829.2
8818.3
8726.9
8913.1
8916.3
8706.2
8641.9
8732.6
8678.5
8405.1
8439.9
8341.6
8607.8
8866.6
9377.3
9298.9
9507.3
9349.1
9381.6
9334.9
9296.6
9193.9
9611.8
9772
9818.6
9895.5
10151.5
9854.1
10229.5
10317.7
10235.1
10333
9907.7
9932.3
9701.4
10158.4
9609.4
9602.4
9684.5
9655.7
9942.7
9662.7
9317.2
8800.3
8818.6
8697.5
8543.7
8540
8904.8
8761.4
8757.9
9060.3
9134.8
8887.8
8034.1
7933
7891.2
7935.1
4826
5584.3
5182.7
5366.3
5030
5261.1
5361.4
6172
6205.3
6186.2
5822.1
6468.9
6744.6
6678.9
6725.1
6373.4
6233.7
5890.4
6391
6412.5
6638.5
6800.5
6735.9
6857.4
6772.7
7332.3
7185.2
7361.2
7289
6863.1
6867.8
6917.6
6841.3
6850.9
6629.1
7085.6
7035.8
7230.8
7122.9
6833.5
6842.5
7112.9
7488.5
7503.8
7540.4
7678.9
7766
7746.9
8770.9
8629
8821.6
8966.3
8885.5
8874.7
9001
9151.4
9979.8
9806.2
9554.6
8738.8
8579.8
8813.8
9298.7
9778.4
9318
9379.5
9677.7
9730.7
9773.3
9512.3
9059
9169.7
9177
8728.2
8898.2
8842.5
9199.1
9572.2
9424.8
9692.5
9454.8
10189.3
9527.6
9667.2
9794.4
9631.2
9669.6
9742.6
9777.9
9768.8
9878.8
9283.2
9466.6
9471.3
9345.3
9425.4
9523.5
9464.6
9388.1
9314
9358.8
9296.4
9683.7
9624.6
9302
9247.5
9160
9008.3
9124
9185.4
9135.4
9229.9
9085.1
9067.1
9134.4
9081
9339
9256
9429.9
9235.7
9285.1
9233.3
9300.8
9243.6
9253.4
9198.7
9135.3
9155.8
9170.2
9208
9162.4
9387.3
9513.7
9599.6
9546.4
9704.1
9932.5
11022.8
10908.5
11105.9
11096.2
11333.4
11803.1
11066.8
11224.4
11184.7
11735.1
11757.1
11592
11764.3
11681.2
11889.2
11390.4
11557.2
11770.9
11750.8
11845.3
11899
12282.6
11947.6
11750.2
11856.9
11529.2
11661.3
11641.6
11753.5
11324.8
11462.3
11327.4
11527.4
11468.1
11702
11644.2
11914.9
11413.3
10168.8
10472.5
10092.2
10296.4
10376.9
10126.6
10224.6
10339.7
10390.2
10441.9
10326
10675.3
10785.3
10949.5
10941.3
10933
11081.8
10921.5
10416.8
10531.5
10237.3
10739.4
10688.8
10727.9
10776.2
10693.2
10840.9
10776.1
10620.5
10572.3
