154.2
141.7
136.9
128
134.4
144
139.2
116.4
106.3
98.1
112.9
116
112.3
109.6
113.2
112.8
117.7
115.6
114.8
118
111.4
114.2
118.2
123.5
123.2
122.5
122
122.9
123.8
126.3
133.1
132
133.5
129.8
129
132.3
128.8
128.8
129.3
122.5
120.7
121.4
121.9
119
111
107.9
100.4
106.3
109
108.8
103.9
100
99.8
99.9
101.9
107.3
108.3
111.3
109.5
108.2
107.9
102.1
103.3
104
101.7
94.7
95
97.5
88.1
90.4
78.9
80
68.5
69.7
76.5
76
76.7
88
89
94
98.3
94.4
98.9
97.1
98.5
90.1
92
89.8
92
91.6
95.6
95.1
96.9
96
94.4
98.8
101.5
108
106.2
104
104.5
104.9
105.1
106.7
106.6
106
103.1
102.8
103
105
106.8
109.6
112.6
110
109
112.8
113.4
118.5
121.2
123.3
122
118.5
119.6
122.1
120.1
131.3
128.8
129.3
138
141
146
144
144
132.5
130.2
121.9
129
126.3
133.1
132.6
142.1
139.4
140.7
136.7
138.3
139.4
139.1
140.4
135.1
133.8
134.4
134
133.4
134.8
135
137.1
138.9
142.5
143.9
141.9
140.3
123
131
136.8
136.7
137.8
135.8
136.5
139.5
140.4
140.1
142.9
147.5
151.4
158.1
152.8
157.6
168.3
183.1
186.1
192.8
203
228
207
197.9
188.6
206.9
206.9
216
208
211.2
213.4
211.7
224
238.2
251.3
264.1
309.6
355
367.8
336.3
363
380
434.9
433.4
433.9
462
528.3
785.4
645.7
638
764.9
802
832.5
795
830
970
1079.9
1101.4
1206.9
1205.7
1004.4
1096.6
1154.9
1237.6
1106.3
845
697
804
919
1033.7
919.9
900
936.8
908.9
919.9
759.9
715
541
732
650
640.5
639.5
713.2
702.8
707.3
802
803
762
785
804.8
805.9
815.9
856.9
884.3
924.7
1014.7
1012.7
879.9
938.8
937
957.8
1005.3
939.8
922.9
919.3
941.2
913.5
894.2
905.7
954.8
956
962.2
951
944.2
916.5
961
1007
943.5
932.7
925.7
941.4
938.8
940.4
953.3
931.7
926.6
904.5
828.9
695.7
648.8
659.6
582.6
579
531.1
451.4
427.7
371.1
299.8
272.3
294
261.5
111.9
111.6
255.6
310.2
174
135.8
593.1
596.5
573.9
557.4
544.6
662.2
661.8
658.3
648.3
616.7
609.2
627
613
608.7
619.4
625
614
624
619.1
606.4
598.9
595
566
549.6
564.3
551.2
567.6
562.9
562.5
460.5
482.6
477.1
446.9
444.7
463.5
424.4
436.3
444.4
456.6
455.7
462.4
466.6
457.3
384.6
435.1
437.6
427.6
478.4
526.4
537
502
485.5
506
498.5
495.2
487.9
487.3
500.3
464.5
457.9
443.2
441.9
446.1
445.6
460.1
453.7
438.6
436
430.9
432.2
446.5
441.1
445.5
451.9
433.2
438.2
433.9
442.6
448.1
453.6
452.8
450.1
443.9
484.6
488.8
515.4
518.1
520.5
570.4
582
570.1
570.8
564.4
612.3
627.9
649.8
655.5
669.4
638.9
660.2
650.4
651.7
651
644.3
655.6
643
597.1
610.3
583.4
582.3
599.1
605.1
606.2
600.2
590.8
597
603.6
591.2
588.8
568.5
582.7
602.2
597.6
601.1
635.1
643.2
645.7
638
624
623
626.7
613.6
615.3
623
618.4
632.9
635.9
628
618.3
619.6
614.8
626.6
627.5
627
621
625.1
622.5
621.7
601.9
600.5
596
595
587.9
585.8
564.6
589.5
598.8
591.7
588.9
592.8
588.8
589.8
592.8
595.8
589.5
592.1
575.9
567.7
542.1
504.8
496.5
522
485.5
462.2
485.1
516.8
517.9
516.1
497.7
509.7
502.9
512.6
515.2
510.8
512.6
506
481.8
477.2
478.9
480
491
483.6
484.5
485.8
475.7
474.9
479.7
478.5
477.7
478.2
477.7
477.7
466.8
461.1
424.3
397.7
411.5
401.6
404.1
436.9
423.8
412.3
404.5
399
379.1
376.8
388.2
382.8
375.1
363.5
335.3
322.9
331.5
331.6
350.9
360.9
361.7
361.2
373.2
387.3
397.1
393.2
379.8
380.5
390.9
387.3
380.4
382.4
378.9
355.8
355.1
346.7
348.7
350.1
351.1
335.1
344.9
337.9
325.4
322.5
324.2
328
338
347.7
341.9
343.5
362
367.1
365.4
432
428.7
396.5
374.9
385.6
384.7
379.2
381.4
357.3
351.8
352
365.9
378.9
376.4
365.4
368.8
377.6
376.3
374.9
378.6
380.6
377
369.8
377.6
376.3
376.5
365
352.2
347.9
347.7
353.4
348.2
349.4
345.4
330.2
320
310.3
317.8
330.4
322.6
330.8
335.3
322.4
319
330
315.3
316.5
314.1
311.3
318.2
314.9
315.2
287.1
264.7
274.8
282.3
291.3
282.7
288
273.4
264.8
269.3
221.3
164.9
209.8
206.9
199.6
210.6
215.9
210.6
228.2
232.7
232.2
248.2
252.1
269.2
263.3
236.2
234
231.8
218.5
225.3
238.9
227.4
226.6
216.5
223
227.7
223.7
220.3
219.7
218.8
221.8
236.2
258.6
233.3
235.8
243.2
235.2
241.9
244.5
244.4
235.7
238.8
238.9
237.3
236.5
253.5
254.1
257.9
273.8
280.6
271.9
275.2
272.6
274.9
274.5
290
291.4
295.6
293.9
287.2
281.6
284.9
290.4
285.4
255.9
260.9
261.8
259.7
268.6
265.5
246.7
246.4
248
247.2
252
242.1
246.8
244.1
246.2
252.6
254.5
252.9
259.6
255
253
244.6
243.3
234.7
236.5
235.9
223.6
218
223
228
222.6
223.4
223
224.2
233.7
233.8
235.4
231.1
226.1
218.7
229
225.8
225.4
235.8
233.2
235.3
240
239
235.8
230
237.7
243.7
241.4
240
241.8
241.6
236.4
236.9
237.2
236.2
236.3
232.6
232
234
235.4
240.4
238.9
241
237.4
237.8
237.3
237.3
237
233.2
229.8
223.1
225.7
225.6
224.2
225.3
224.7
223.5
228.6
229.6
228.8
229.9
230.5
232.5
233.8
237
249.8
247.4
248.4
244.1
245
244.1
247.5
243.8
240.6
242.6
242.9
250.7
248.9
257
264.1
257.6
254.9
255.4
260.5
270.1
269.1
266.2
268.6
269.1
283.6
292
310.4
290.4
287
283.4
276.6
279.6
274
273.2
277.7
275.1
276.5
275.5
288.4
288.7
291.8
293
293.7
288.4
287
283.7
280.5
281.4
281.6
284.3
281.7
278
277.9
258.6
263.9
263.3
269
267.7
263.4
265
260.5
257.1
257.1
246.7
226
234.7
232.4
229.5
226.8
211.4
220.5
225
222.7
231.6
228.5
228.4
229.5
227.2
228.6
226.2
230.3
233.7
239.9
239.6
243.2
237.4
238.1
239.9
235.6
230.2
229.9
229.5
228.6
232.7
232.2
231.1
231.1
226.3
230
229.9
233.8
235
234.3
232.5
238.9
236.7
235.9
237.1
236.7
238.6
238.3
240.1
246.1
243
242.6
244
245.4
247.6
245.4
248.8
252.3
254.4
262.9
269.6
261.7
263.8
269.8
267.1
274.4
276.9
282.6
287.9
285.1
294.7
303.5
313.6
327.1
311.2
323
359.3
396.5
400.9
382.7
369.8
385.1
371.6
380.2
336.7
304.7
333.9
333.8
331.8
317.5
330.2
333.9
335.9
325
321.1
324.7
322.8
322.1
318.4
327.5
353.7
359.5
355.8
370.8
378
361.8
360
360.3
361.7
386.7
393.4
394.3
410.7
416
415.5
449.8
432.3
434.7
442
462.6
454
455.5
463.2
461.2
441.8
437.6
437
442.4
453
454
415.4
422.4
421.8
431.9
427.1
430
434
433.7
430.7
433.3
431.2
430.8
457
452.9
448.3
446.2
447.7
445
432.2
429.1
372.3
385
382.5
384.4
379.5
414.6
410.2
382.6
388.6
402.1
392.8
389.8
395
379.7
380.3
377.8
369.8
372.2
373.9
368
390.6
386.5
376.7
377.9
372.6
375.3
381.9
379.5
384
390.1
405.5
401.1
406.4
417.1
421.4
420
440.1
437.9
437.8
419.9
422.7
423.5
427.3
431.3
432.5
436.2
434
425.4
419.6
409.5
399
406
414.9
411.9
412.8
415.8
419.1
410.4
412.4
414.3
415.1
415.9
418.2
408.2
408.7
411.5
411.1
416.2
417
414.7
415.7
416.5
424.6
422.2
415
412.4
415.7
415.6
418.5
419.1
419.3
422.1
421.3
420.1
417.7
418
420.3
421.4
424.7
423.5
424
428.7
430
426.3
427.7
434.9
441.2
449.3
445.3
450.1
457.6
461.7
466
447
448.5
455
448.5
452.2
444.2
450.3
445.8
448.1
459.6
458.5
457.9
460.4
449.4
452.5
454.4
455.4
456.4
458.1
454.9
453.3
454.2
442.7
442.1
443.6
439.6
443.7
446.1
449.8
453.3
474
524.2
516
532.3
528.9
537.4
537.1
567
572
574.9
583.6
575.6
580.5
574.7
577.9
591.6
666.5
700.1
685.1
690.8
761.2
743.9
753.8
761
734
667.4
590.6
620.8
656.9
663.5
625.4
644.7
644.9
636.5
670
674.6
698.1
661.6
675.2
663.7
672.7
635.3
662.8
651.8
647.1
646.7
670.6
661.2
657.3
664.2
660.7
676.3
670.4
671.1
664.4
664.6
651.1
655.2
659.3
654
654.4
654.5
654.1
655.4
654.7
621.9
607
513.4
566.4
576.2
574.7
586.5
590.8
589.2
585.3
590.9
587.8
587.1
584.6
569.1
567
580.2
572.3
573.4
574.6
582.6
580.7
587.5
583.6
579.7
578
579.4
570.3
575
574.2
577.3
573.9
572
575.3
598.8
609.5
605.8
610.4
613.2
625.6
623.2
624.5
605.6
608
608.6
609.5
608.1
607.8
607.1
610.7
609.8
609.2
597.2
595.6
602.9
602.6
601.5
606.5
605.5
604.7
604.7
608.1
613.4
610.7
611.6
609
611.8
611
616
617.7
615.8
617.3
640.5
636
635.6
637.9
637
640.1
637.4
635.3
629.1
628.3
630.5
655.5
653
650.5
651
674.7
682.3
686.2
715
697.3
698.7
726.8
733.5
684.9
702.1
702.1
709.9
705.4
710.9
721.4
714.6
715
704.3
702
704.6
711.1
740.3
737.5
747
747.9
728.5
736.2
749.3
741.1
735.3
740.4
734.1
729.4
733.3
732.6
742.5
752.6
770.9
764.2
766.4
754.3
758.2
765.6
768.5
770.5
774
767.9
778.5
778.7
776.5
775.2
782
787.2
789
789.8
799.1
829.2
860.2
917.2
891.1
891.1
898.4
925.8
972.2
971.1
959
963.4
995.4
1017
1033.3
1135.4
989.3
886.2
888.9
900.9
899.8
904.4
785.4
810.1
824.8
819.6
821.2
827.3
899.7
872
895.2
892.9
919.8
918.8
921.5
893.8
894.4
915.6
918
918.5
914.5
920.7
965.5
982.4
1004
1013
1031.8
1016.1
1024.7
1049.6
1055.5
979
997.6
1008.3
996.5
995.4
1008.3
1008.2
1031.9
1049.4
1052.3
1048.9
1077.6
1119
1120.5
1171.9
1176.5
1149.1
1171.6
1188.8
1189.3
1222.7
1255.5
1283.3
1264.3
1271.2
1277
1232.7
1147
1191.3
1112.4
1179.2
1225.1
1238.2
1243.1
1253.4
1172.9
1071.7
971.4
1022.6
1047.5
1121.3
1044.7
1035
939.7
966.3
969.4
1045.1
1044.4
1041.9
1037.9
1079.1
1086.1
1097.4
1147.6
1141.8
1129.9
1188.7
1190.5
1180.8
1204.3
1206.7
1220.7
1212.5
1176.2
1177.3
1177
1176.8
1194
1206.1
1215.2
1238.1
1249.6
1240.9
1249.1
1248.2
1264.3
1286.6
1332.9
1329.6
1336.3
1351.9
1415.8
1445.9
1485.6
1516.8
1507.8
1545.3
1554.4
1664.5
1697.5
1752.3
1819.3
1686.4
1763.7
1772.6
1708.9
1729.3
1801.3
1881
1962
2040.2
2044.2
2124.4
2272.6
2445.3
2307.2
2244.9
2052.4
2189
2278.2
2192.6
2303.3
2412.6
2492.6
2545.4
2524.1
2705
2870.5
2691.5
2798.8
2811.4
2900.3
2973.4
2656.8
2713
2467.3
2442.5
2508.6
2655.1
2539.6
2616.8
2754.4
2677.6
2722.8
2710.4
2590.1
2541.6
2446.1
2583.8
2577.7
2558.4
2480.6
2424.6
2536.5
2572.5
2617.3
2627.9
2614.2
2513.9
2564.9
2511.4
2344
2324.3
2403.1
2362.4
2234.2
1975.1
1914.1
2233.4
2320.2
2282.6
2866
2675.1
2836.5
2756.6
2763.4
2582.6
2559.2
2691.9
2806.8
2733.5
2766.5
2883.3
2747
2720.5
2810
2878.5
3262.8
3232
3401.9
3429.4
3348.8
3425.7
3654.4
3871.6
4062.6
4327.9
4161.7
4387.4
4278.9
4105.4
4150.5
4066.6
4005.1
4089.7
4141.1
4318.4
4364.4
4352.3
4345.8
4390.3
4597.3
4583
4735.1
4921.9
4573.8
4612.9
4267.5
4409.1
4618.7
4635.6
4326.5
4335.1
4245.9
4217.9
4158.9
3870.3
3243.1
3713.8
3698.9
3689.6
4100.3
3908
3882.2
3617.3
3600.8
3788
3667.5
3932.8
3892.7
4212.2
4195.6
4172.8
4360.6
4403.1
4401.3
4314.2
4218.7
4321.4
4371.9
4435.8
4611.7
4777.5
4763.4
4824.2
5432.6
5637.3
5824.7
5688.1
5759.3
5598.6
5575.8
5698.6
5993.1
6006.6
5982.9
5903.6
5513.1
5734
5887.6
5764.6
5726.6
6147.5
6124.3
6451.2
6737.8
7024.8
7152.1
7363.8
7389.5
6959.2
7102.8
7444.4
7129.6
6565.8
6339.9
5878.1
6522.5
6597.1
7283.2
7853.7
7700
7780.9
8042.6
8244.7
8100
8234.5
8013.4
8200.8
8754.7
9318.4
9733.2
9906
9837.9
9946.8
10861.5
10912.7
11246.2
11623.9
11667.1
13749.6
16850.3
16047.6
14843.4
15059.6
16732.5
17083.9
16286.8
16467.9
17604.8
19345.5
19065.7
18972.3
17523.7
16462
15632.1
13665
14396.5
13790
13833.5
15756.6
15416.6
14398.7
14392.6
12531.5
13850.4
13444.9
14754.1
15156.6
15180.1
16954.8
17172.3
16228.2
14976.2
14778.5
15043
13535.4
13886.7
14292.2
13695.2
13697.5
11362
11192.3
11245.4
11580.2
12858.9
11594.9
10864.8
10903.2
11452.3
11203
11118.1
11467.5
11795.1
11244.8
10166
10265.4
9181.1
8893.2
9241.1
8222.2
6938.5
7701.2
7594.7
8164.2
8699.8
8559.6
8081.9
8903.5
8539.2
9476.3
10037.3
10178.7
11073.5
10398.8
11169.4
11238.7
10473
9841.7
10170.4
9704.3
9585.2
10285.1
10594.4
10333.9
10904.5
10827.7
11402.3
11416.5
11330.6
10675.1
9902.9
9300
9217
8762
9529.6
9137.4
9154.9
8210.6
8264.4
8289.2
7874.9
8201.2
8616.8
8912.6
8905.9
8726.2
8916.8
8547.4
8473.2
8143.5
7801.7
7954.9
7129.2
6853.7
6938.2
6825.2
7068.4
7424.2
6808.9
6782
6624.3
6905.7
7030.5
6781.9
6854.8
6962.1
7926.6
7887.4
8004.4
8363.6
8070
7908.6
8178.4
8290.8
8867
8923.1
8806.7
8952.8
9645.3
8873.1
9287
8940.9
9352.4
9415.1
9245.1
9074.9
9243.2
9749.7
9708.6
9853.5
9656.4
9431.6
9196.4
9319.1
9025.7
8408.3
8459.5
8693.5
8674.1
8477
8344.4
8063
8245.7
8245.1
8529
8403.3
8006
7512.3
7592.9
7477.7
7361.3
7366.7
7119.3
7467.7
7400.1
7502.6
7530.8
7646.6
7729.3
7504.3
7631.5
7661
7697.8
7622.1
7515.8
6775.1
6885.9
6558.2
6312.3
6647.1
6410.3
6505.8
6460.3
6719.8
6752.4
6765.4
6728
6055.7
6167.3
6154.6
6256.6
6082.1
6154.9
5883.5
6213.3
6398.9
6366.8
6619.5
6513.5
6598.4
6546.5
6617.7
6765.5
6714.8
6667.1
6307.2
6389.1
6250.6
6230.2
6254.8
6362.9
6729.9
7322
7383.6
7477.5
7339.4
7408.7
7412.3
7723
8407
8173.7
7937
8187.4
8234.1
8215.6
8177.1
7729.4
7606.4
7535.6
7419
7014.3
7027.1
6943.6
6724.9
6283.6
6538.8
6152.3
6231.6
6313
6255.3
6190.2
6256.9
6306.7
6581.7
6379.1
6481.5
6268.1
6482.2
6359.6
6521.2
6680.4
6734.8
6712.7
6897.6
7074.6
7029.1
6993.7
7033.8
7189.6
7293.9
7264.2
7377.5
6706.8
6514
6390.9
6184.3
6238.5
6321
6293.9
6338
6482.9
6483.7
6519
6500.2
6251.9
6342
6390.4
6489.2
6766.7
6729.6
6704.1
6584.1
6445.1
6468.1
6689.2
6636
6603.9
6635.2
6608.2
6549.9
6507.8
6584.2
6639.1
6596.3
6611
6669.6
6650.8
6618
6239.1
6291.3
6321.7
6326.8
6699.8
6705.3
6686.6
6574.1
6512
6572.2
6583
6555.8
6528.7
6530.7
6507
6510
6494.2
6486.1
6335
6325.7
6365.9
6400.5
6424.7
6386.2
6478.2
6459.7
6502.8
6565.3
6474
6412
6427.1
6446.1
6435
6429.2
5842.4
5718.9
5636.2
5621.8
5658.3
4883.8
4524.6
4638.7
4356
4398
3920.4
4062.2
3837
3866.5
4265.4
4296.5
4039.7
4196.2
4160.4
3897.8
3958.5
3771.6
3508.6
3422.2
3430.4
3567.5
3460.5
3407.7
3466.1
3315.3
3247.8
3228.7
3247.9
3526.1
3668
3687.1
4076
3850.9
3964.4
3944.4
4026.1
3762.5
3793.7
3586.9
3861.6
3706.8
3815
3709.4
3809.4
3873.8
3780.1
3802.7
3785.4
4004.1
3985.9
3971
3978
3603.7
3616.5
3597.2
3490.2
3638.1
3571.3
3588
3626.4
3605.6
3677.8
3542.3
3536.7
3580.1
3561.5
3574.3
3572
3570.9
3555.6
3442.8
3414.8
3460
3437.2
3467.9
3502.5
3459.1
3462.8
3468.4
3404.3
3397.7
3661.7
3661.4
3679
3631.8
3632
3611.5
3592.6
3604.7
3616.8
3664.2
3896
3914.3
3972.4
3936.6
3965.2
4120.4
3755.2
3833.7
3810.3
3814.6
3816.6
3821.9
3823.1
3809.5
3715.9
3857.2
3863
3875.1
3865.9
3944.3
3915.2
3870.3
3886
3865.1
3879
3924.3
4006.4
3981.5
3990.2
4017
4041.2
3982.2
3990.4
4002.5
3994.7
3937
3942.8
4041.7
4025.6
4102.2
4111.8
4102.3
4145.1
4859.3
4968.7
4902.4
5010.2
5046.2
5173.6
5245.2
5158.4
5307.8
5022.6
5054.2
5051.8
5134.8
5032.3
5180.9
5208.3
5264.7
5241
5290.2
5243.5
5346.7
5511.6
5415.6
5209.1
5298.3
5265.9
5302.3
5235
5320.8
5384.2
5493.8
5766.8
5830.9
5774.9
5745.1
5849.5
5990.3
6191.5
6386
7190.3
6984.8
7806
7994.6
8164.6
7871.8
7359.5
7262.6
8157.2
7965.3
7930.3
7635.7
7852.1
7970.1
8027.4
8630.2
8760.1
8716.3
8647.8
8271.9
8558.3
8545.7
8728.6
8124.8
7685.5
7779.1
7784.9
7985.2
7901.4
7635
7987.8
7888
8133.1
8219
8656.1
8812.5
8962.5
9318.8
9080.6
9255.4
9517
10179.3
10721.7
10897.1
11046.4
11809.9
13063.8
11287.8
12409.1
11906.5
10818.6
10616.6
10835.9
11900.8
11163.1
10970.2
11268
11415.9
12252.6
12541.5
12110.6
11342.3
11762.1
11364.9
10200.1
10845.9
9424.8
9723.2
10651.4
10571.5
10826.7
10714.4
10412.5
9888.7
9804.3
9945.3
9831
9492.1
9727.8
9580.9
9580.7
10082
10380
10520.1
10815.7
10934.6
11816.8
11480.9
12013.9
12191.6
12089.8
11314.5
11517.2
11394.2
10892.9
10049.4
10303.4
10335.6
10218.1
10312.7
10910.7
10752.6
10141.5
10105
10388.7
10131
10136.3
10371.8
10184.8
9729.4
9491
9585.4
9594.4
9729.3
10348.8
10612.3
10568.2
10566.9
10309.3
10461.1
10402.8
10309
10105.4
10162.5
10415.1
10342.1
10337.3
10311.5
10255.5
10195.7
10164.7
10250.5
10172.7
9993
10031.6
9702.2
8513.9
8432.4
8063.8
8184.9
8208.5
8049.1
8284.3
8302.7
8364.1
8226.9
8148.1
8127.3
7881.9
8198.6
8182.9
8566.7
8562.3
8267.8
8304.4
8281.5
8353.3
8167.2
8000.4
8073.3
7948.5
7957.3
8223.4
8208.2
8031.4
7477
7422.7
8658.3
9230.6
9529.6
9207.2
9411.3
9157.9
9152.6
9230.1
9300.6
9198.3
9396.4
9310.8
9338.9
9223.5
8778.2
8804.5
9036.8
8736.9
8812.6
8783.1
8661.2
8476.3
8497.3
8509.8
8208.4
8145.7
8099.3
7627.9
7272.5
7324.1
6924.7
7115.6
7162.8
7510.6
7426.7
7742.7
7546.6
7396.4
7298.2
7291.8
7204.4
7399.2
7530.8
7510.9
7524.4
7355.8
7235.7
7208
7208
7255.2
7080.8
7128.5
6903.5
6613.3
7276
7165.5
7196.4
7156.2
7495.8
7322.8
7268.3
7224.8
7210.9
7261.7
7321.5
7397.5
7261.8
7196.4
7199.8
6967
7343.1
7376.8
7372.5
7759.1
8155.7
8059.6
7842.4
8187.1
8024.1
8187.6
8111.4
8829.2
8818.3
8726.9
8913.1
8916.3
8706.2
8641.9
8732.6
8678.5
8405.1
8439.9
8341.6
8607.8
8866.6
9377.3
9298.9
9507.3
9349.1
9381.6
9334.9
9296.6
9193.9
9611.8
9772
9818.6
9895.5
10151.5
9854.1
10229.5
10317.7
10235.1
10333
9907.7
9932.3
9701.4
10158.4
9609.4
9602.4
9684.5
9655.7
9942.7
9662.7
9317.2
8800.3
8818.6
8697.5
8543.7
8540
8904.8
8761.4
8757.9
9060.3
9134.8
8887.8
8034.1
7933
7891.2
7935.1
4826
5584.3
5182.7
5366.3
5030
5261.1
5361.4
6172
6205.3
6186.2
5822.1
6468.9
6744.6
6678.9
6725.1
6373.4
6233.7
5890.4
6391
6412.5
6638.5
6800.5
6735.9
6857.4
6772.7
7332.3
7185.2
7361.2
7289
6863.1
6867.8
6917.6
6841.3
6850.9
6629.1
7085.6
7035.8
7230.8
7122.9
6833.5
6842.5
7112.9
7488.5
7503.8
7540.4
7678.9
7766
7746.9
8770.9
8629
8821.6
8966.3
8885.5
8874.7
9001
9151.4
9979.8
9806.2
9554.6
8738.8
8579.8
8813.8
9298.7
9778.4
9318
9379.5
9677.7
9730.7
9773.3
9512.3
9059
9169.7
9177
8728.2
8898.2
8842.5
9199.1
9572.2
9424.8
9692.5
9454.8
10189.3
9527.6
9667.2
9794.4
9631.2
9669.6
9742.6
9777.9
9768.8
9878.8
9283.2
9466.6
9471.3
9345.3
9425.4
9523.5
9464.6
9388.1
9314
9358.8
9296.4
9683.7
9624.6
9302
9247.5
9160
9008.3
9124
9185.4
9135.4
9229.9
9085.1
9067.1
9134.4
9081
9339
9256
9429.9
9235.7
9285.1
9233.3
9300.8
9243.6
9253.4
9198.7
9135.3
9155.8
9170.2
9208
9162.4
9387.3
9513.7
9599.6
9546.4
9704.1
9932.5
11022.8
10908.5
11105.9
11096.2
11333.4
11803.1
11066.8
11224.4
11184.7
11735.1
11757.1
11592
11764.3
11681.2
11889.2
11390.4
11557.2
11770.9
11750.8
11845.3
11899
12282.6
11947.6
11750.2
11856.9
11529.2
11661.3
11641.6
11753.5
11324.8
11462.3
11327.4
11527.4
11468.1
11702
11644.2
11914.9
11413.3
10168.8
10472.5
10092.2
10296.4
10376.9
10126.6
10224.6
10339.7
10390.2
10441.9
10326
10675.3
10785.3
10949.5
10941.3
10933
11081.8
10921.5
10416.8
10531.5
10237.3
10739.4
10688.8
10727.9
10776.2
10693.2
10840.9
10776.1
10620.5
10572.3
