517.84
523.02
528.3
523.02
517.84
517.84
517.84
517.84
517.84
512.76
507.78
507.78
508.65
508.65
503.81
499.06
494.38
489.81
489.81
485.31
476.57
468.14
460
456.03
456.54
445.12
445.12
423.93
417.3
410.89
417.3
410.89
401.61
395.68
395.68
389.9
385.03
382.3
385.03
379.62
371.76
366.7
356.98
350.04
343.33
336.9
330.69
326.69
329.81
335.92
331.84
325.87
322.02
322.02
312.77
307.46
305.74
300.67
294.16
287.93
290.43
287.44
284.53
276.11
272.09
268.19
269.47
276.11
280.26
281.66
283.08
288.92
295.87
305.51
307.18
310.58
317.59
319.39
317.59
317.59
321.21
321.21
323.07
324.94
335.04
335.04
339.05
339.05
339.05
339.05
337.02
341.09
341.09
339.05
337.02
335.04
335.57
335.57
335.57
333.6
333.6
331.63
327.77
329.7
327.77
325.88
325.88
325.88
326.35
328.24
330.17
332.11
332.11
332.11
330.17
332.11
330.17
328.24
328.24
326.35
325.88
327.77
325.88
327.77
325.88
322.14
318.51
318.51
318.51
318.51
313.2
314.96
314.51
314.51
316.27
314.51
316.27
318.05
321.68
323.54
321.68
319.85
318.05
318.05
322.14
324.01
325.88
325.88
324.01
320.32
325.88
327.77
325.88
324.01
325.88
325.88
326.35
330.17
330.17
330.17
328.24
330.17
330.17
330.17
326.35
328.24
328.24
330.17
329.22
329.22
331.15
333.12
331.15
329.22
325.41
325.41
325.41
325.41
325.41
327.29
328.74
330.67
332.63
330.67
332.63
334.6
338.63
340.68
338.63
340.68
342.77
349.16
386.02
390.92
393.43
395.98
401.15
406.46
406.46
406.46
409.17
411.93
417.53
420.38
394.82
400.41
403.28
406.17
412.11
415.14
415.14
418.22
421.34
424.49
427.71
430.98
557.51
566.27
570.77
570.77
570.77
566.27
548.99
544.83
544.83
544.83
544.83
544.83
720.41
714.98
714.98
714.98
714.98
709.66
709.66
709.66
699.23
704.41
704.41
709.66
699.23
694.12
694.12
689.08
689.08
694.12
694.12
694.12
694.12
694.12
689.08
689.08
689.08
689.08
694.12
694.12
694.12
689.08
684.11
679.25
679.25
679.25
679.25
679.25
674.42
674.42
669.69
665
660.38
660.38
655.83
655.83
651.32
651.32
655.83
660.38
669.69
674.42
674.42
669.69
674.42
674.42
674.42
674.42
674.42
679.25
679.25
679.25
673.23
678.05
678.05
682.98
682.98
682.98
682.98
682.98
668.44
673.23
673.23
673.23
665.74
661
661
661
661
656.3
661
661
661
661
661
656.3
656.3
656.3
651.7
647.14
642.64
629.53
629.53
621.08
612.84
604.84
600.92
597.04
589.41
585.7
578.37
574.8
567.71
567.71
564.27
560.83
560.83
554.12
550.82
547.58
547.58
547.58
538.01
531.85
528.78
528.78
531.85
534.91
531.85
531.85
531.85
531.85
531.85
531.85
531.85
528.78
528.78
525.78
522.82
522.82
522.82
522.82
522.82
519.89
534.24
534.24
534.24
534.24
531.27
525.39
525.39
525.39
525.39
525.39
525.39
522.48
522.48
525.39
519.65
516.81
514.01
508.52
480.27
470.75
466.13
457.17
446.46
442.3
442.3
442.3
434.21
434.21
434.21
432.25
428.37
422.63
413.46
413.46
411.67
406.39
401.24
404.67
406.39
399.56
397.88
394.59
389.73
388.15
388.15
389.73
392.95
394.59
360.91
363.94
363.94
362.41
363.94
362.41
365.47
363.94
362.41
365.47
363.94
367.03
404.67
404.67
402.96
402.96
401.24
399.56
394.59
391.34
389.73
386.58
385
380.38
374.4
370.02
368.59
368.59
367.15
367.15
367.15
367.15
364.35
362.95
360.22
358.86
355.68
358.38
358.38
357.03
357.03
355.68
353.01
353.01
353.01
353.01
353.01
353.01
357.49
358.86
357.49
357.49
356.16
354.83
354.83
353.5
353.5
352.21
353.5
353.5
356.63
356.63
356.63
357.97
356.63
356.63
356.63
356.63
357.97
357.97
357.97
359.31
359.31
359.31
359.31
359.31
359.31
359.31
357.97
357.97
356.63
356.63
356.63
357.97
357.97
357.97
357.97
356.63
355.32
352.71
350.13
351.41
350.13
348.86
348.86
347.59
344.54
343.32
342.06
340.83
339.61
338.42
336.04
336.04
336.04
336.04
334.85
334.85
335.45
335.45
333.11
331.95
331.95
331.95
330.82
331.95
331.95
331.95
330.82
331.95
330.82
331.95
331.95
330.82
330.82
329.69
328.56
328.56
327.43
326.3
326.3
326.3
327.43
326.3
326.3
325.21
325.21
324.11
324.11
324.11
324.11
321.92
321.92
321.92
321.92
321.92
321.92
321.92
321.92
321.92
319.8
320.86
319.8
319.8
319.8
319.8
319.8
318.71
318.71
317.68
317.68
317.68
316.62
316.62
315.57
315.57
315.57
315.57
315.57
315.57
314.54
314.54
314.54
313.52
312.49
312.49
312.49
311.47
311.47
310.48
310.48
310.48
310.48
310.48
310.48
309.46
308.47
309.46
308.47
308.47
307.48
307.48
307.48
307.48
306.49
305.54
305.54
303.6
303.6
303.6
303.6
302.64
302.64
301.69
301.69
299.82
298.86
297.03
297.03
296.11
295.19
293.39
293.39
291.59
291.59
291.59
291.59
291.59
290.71
289.82
288.98
288.09
287.25
286.36
285.52
284.67
283.82
283.01
321.19
320.22
319.3
318.37
317.44
315.63
313.81
312.93
312.04
310.27
309.38
308.49
319.63
317.83
315.19
313.47
312.59
310.88
309.2
307.52
306.69
305.05
303.42
301.83
262.79
261.4
260.01
258
257.35
255.99
254.71
254.71
253.4
252.12
250.84
249.6
258.61
263.78
264.01
264.29
273.19
268.35
273.38
284.41
279.88
282.33
284.72
287.45
302.45
317.5
317.19
321
356.72
404.52
425.74
433.62
422.48
416.6
403.13
408.58
415.46
469.91
529.99
564.06
634.74
738.87
735.47
642.04
617.15
596.28
563.61
627.8
755.04
870.42
958.21
974.2
910.89
852.77
791.95
839.5
812.97
845.3
962.87
961.77
920.55
930.1
917.97
870.96
854.25
833.14
828
814.15
715.7
706.47
699.02
681.92
641.42
638.52
644
619.52
610.21
600.84
559.11
519.59
539.53
545.14
611.92
625.28
613.94
627.58
677.5
675.44
660.13
630
638.84
643.57
662.64
701.48
711.24
701.44
753.55
770.12
787.07
742.82
744.01
765.73
782.55
849.63
867.42
921.67
827.69
833.5
904.32
967.9
941.24
921.06
981.43
1049.38
1095.99
1110.31
1301.69
1412.21
1407.44
1614.87
2367.47
2287.85
1867.7
1733.75
1712.34
1981.05
2113.77
2046.32
2182.43
2115.44
1980.94
1869.41
1735.86
1542.59
1534.6
1509.65
1450.57
1377.59
1211.94
1209.72
1294.55
1272.98
1196.86
1185.77
1106.16
1073.18
947.34
1003.94
944.98
881.73
947.3
1016.48
1213.34
1169.69
1150.96
1237.21
1341.11
1356.28
1165.33
1193.29
1198.09
1127.85
1149.47
1129.11
1109.36
1058
1026.15
1040.7
988.55
1025.57
1043.66
1003.7
992.88
988
905.04
904.28
882.82
876.99
879.99
824.46
778.29
764.59
777.62
826.3
801.38
798.88
800.4
830.2
809.83
814.68
810.72
799.52
857.36
841.76
863.06
852.46
854.51
850.11
865.08
934.72
1030.49
1042.17
978.72
960.98
997.45
976.48
992
1059.1
1104.8
1076.49
1076.87
1094.07
1087.52
1097.17
1101.7
1145.79
1117.39
1034.04
1034.55
1047.76
1043.04
1038.38
1003.33
984.38
934.46
920.14
949.44
944.66
905.61
865.79
866.62
848.3
813.51
805.33
818.8
796.39
786.79
793.89
852.82
881.93
875.58
884.4
827.96
789
776.11
736.78
756.18
816.65
795.91
774.09
775.29
767.09
773.36
733.6
731.18
720.32
715.37
733.01
733.3
707.85
690.78
709.29
710.75
711.33
697.44
693.31
671.19
659.09
655.87
660.78
683.26
660.67
664.8
659.43
640.7
641.16
626.84
625.36
624.83
645.15
692.82
699.97
739.23
709.07
664.43
679.61
696.86
714.7
718.23
707.28
709.01
695.35
702.8
707.96
705.8
693.47
712.58
707.85
697.49
688.36
684.22
678.31
686.55
699.3
687.3
690.67
688.19
681.98
679.24
677.59
681.4
685.61
704.86
709.55
691.28
682.67
680.05
667.66
663.98
669.14
659.35
653.86
646.98
632.01
604.41
590.65
596.83
583.81
583.92
577.16
548.36
547.59
544.44
545.25
513.94
485.99
486.06
499.19
495.7
515.46
499.2
487.3
487.63
472.47
480
490.36
487.44
483.61
474.81
474.67
470.98
462.08
451.98
427.24
417.41
417.38
428.35
501.81
473.19
456.87
457.76
479.78
454.5
443.59
435.9
450.31
442.66
431.47
428.04
421.47
415.24
423.73
412.04
404.59
405.59
400.1
416.44
411.75
409.59
417.03
431.93
432.8
423.08
424.26
431.84
451.52
446.97
457.35
475.33
484.98
472.75
466.62
479.03
474.52
478.29
498.54
533.51
532.71
502.31
485.05
526.76
527.04
518.41
529.58
555.92
556.63
574.34
598.61
607.03
590.82
589.67
582.71
551.49
562.03
571.26
574.33
579.96
598.31
624.8
631.29
604.24
599.89
610.65
599.21
589.77
601.63
590.03
605.66
623.42
640.94
655.42
704.45
753.31
758.69
757.64
823.16
906.37
798.24
846
842.26
800.8
788.46
846.31
847.2
847.03
887.44
866.43
893.37
871.66
854.76
867.55
869.69
928.58
980.98
1042.48
1039.34
1144.92
1183.31
1231.84
1150.77
1116.7
1155.06
1136.2
1035.4
1103.52
917.09
1041.75
1123.72
1183.4
1218.56
1146.43
1125.26
1238.89
1177.47
1185.02
1202.97
1277.81
1307.28
1476.74
1368.08
1352.44
1389.75
1392.14
1469.35
1503.34
1539.42
1456.57
1537.58
1609.74
1672.66
1718.31
1742.82
1637.52
1732.71
1749.82
1854.88
1842.67
1811.12
1941.04
2188.18
1939.14
2066.4
2096.95
1843.32
2091.06
2111.61
1968.4
1950.13
1841.56
1892.62
1923.69
1943.58
2085.02
2019.83
2036.68
1960.82
1964.41
1858.55
1865.16
1715.79
1625.99
1387.49
1528.76
1620.7
1538.74
1539.81
1461
1404.45
1453.66
1534.76
1485.51
1476.62
1428.07
1499.1
1465.19
1468.33
1388.03
1331.9
1361.35
1395.34
1465.67
1405.81
1366.24
1354.93
1361.77
1333.77
1249.98
1293.9
1272.19
1304.56
1215.88
1228.57
1278.56
1285.81
1414.84
1398.25
1376.99
1488.32
1532.62
1479.26
1481.74
1430.96
1321.81
1295.66
1355.56
1398.1
1393.84
1409.08
1415.69
1377.71
1413.47
1463.68
1414.56
1398.82
1411.65
1428.74
1472.31
1440.45
1441.73
1426.82
1407.78
1348.09
1314.3
1300.98
1273.45
1307.81
1315.65
1385.46
1426.98
1424.86
1380.24
1366.11
1375.06
1499.41
1514.95
1616.62
1573.88
1590.76
1537.91
1609.81
1664.64
1707.67
1689.7
1819.76
1829.19
1866.32
2068.29
2059.17
1977.23
1960.74
1858.17
1976.59
1921.84
1785.85
1759.84
1797.75
1921.88
1771.6
1814.12
1819.8
